"Psidium guajava" "Passiflora foetida" "Rubus niveus" "Rhynchosia minima" "Galactia striata" "Polyscias guilfoylei" "Passiflora suberosa" "Syzygium jambos" "Cressa truxillensis" "Plumbago scandens" "Eragrostis ciliaris" "Sesuvium portulacastrum"
"Camarhynchus pallidus" 0.157894736842105 0 0 0 0 0 0 0 0 0 0 0
"Camarhynchus parvulus" 0.175675675675676 0.0135135135135135 0 0 0 0 0 0 0 0 0 0
"Certhidea fusca" 0.115942028985507 0 0 0 0 0 0 0 0 0 0 0
"Dendroica petechia" 0.0514018691588785 0 0.00467289719626168 0 0 0 0 0 0 0 0 0
"Geospiza fortis" 0.114285714285714 0 0 0.00952380952380952 0.00952380952380952 0.019047619047619 0.00952380952380952 0 0 0 0 0
"Geospiza fuliginosa" 0.152941176470588 0.00294117647058824 0.0176470588235294 0.00588235294117647 0.0176470588235294 0.00588235294117647 0.00294117647058824 0.00588235294117647 0.00294117647058824 0.0117647058823529 0.00294117647058824 0.00294117647058824
"Geospiza magnirostris" 0.25 0 0 0 0 0 0 0 0 0 0.0833333333333333 0
"Mimus melanotis" 0.0357142857142857 0 0 0 0 0.0357142857142857 0 0 0 0.0357142857142857 0 0
"Myiarchus magnirostris" 0.0649350649350649 0 0 0 0 0 0 0 0 0 0 0
