"Eragrostis sp." "Miconia robinsoniana" "Polygonum galapagense" "Rubus niveus" "Talinum paniculatum" "Poaceae" "Paspalum conjugatum" "noname" "Solanum americanum" "Seed_27" "Tournefortia psilostachya" "Seed_13" "Boerhavia coccinea" "Fimbristylis dichotoma" "Pennisetum purpureum" "Portulaca oleracea" "elecharis maculosa" "Desmodium incanum" "Cyperaceae cf. Eleocharis sp.1" "Oxalis sp.1" "Hypoxis decumbens" "poaceae" "Elecharis maculosa" "Erichloa pacifica" "Seed_56" "Desmodium procumbens" "Chiococca alba" "Zanthoxylum fagara" "Vallesia glabra" "Lantana camara" "scutia spicata" "Tournefortia pubescens"
"Camarhynchus pallidus" 0.0526315789473684 0.105263157894737 0.0263157894736842 0.0263157894736842 0 0 0 0 0 0 0 0 0 0 0 0 0 0 0 0 0 0 0 0 0 0 0 0 0 0 0 0
"Camarhynchus parvulus" 0.0135135135135135 0.121621621621622 0 0.0135135135135135 0.0540540540540541 0.0135135135135135 0.0135135135135135 0.027027027027027 0.0135135135135135 0 0 0 0 0 0 0 0 0 0 0 0 0 0 0 0 0 0 0 0 0 0 0
"Certhidea fusca" 0 0.0434782608695652 0 0 0 0 0.0144927536231884 0 0 0.0144927536231884 0 0 0 0 0 0 0 0 0 0 0 0 0 0 0 0 0 0 0 0 0 0
"Dendroica petechia" 0 0.144859813084112 0 0 0.00467289719626168 0.014018691588785 0.0514018691588785 0 0 0 0.00467289719626168 0.00467289719626168 0.00467289719626168 0.00467289719626168 0.00467289719626168 0 0 0 0 0 0 0 0 0 0 0 0 0 0 0 0 0
"Geospiza fortis" 0.019047619047619 0.0380952380952381 0 0.019047619047619 0.00952380952380952 0 0 0.104761904761905 0 0.00952380952380952 0 0 0 0 0 0 0 0 0 0 0 0 0 0 0 0 0 0 0 0 0 0
"Geospiza fuliginosa" 0.0911764705882353 0.0529411764705882 0.0352941176470588 0.00294117647058824 0.0176470588235294 0.0588235294117647 0.117647058823529 0.0352941176470588 0 0.0264705882352941 0.00294117647058824 0 0 0.0470588235294118 0 0.0117647058823529 0.00294117647058824 0.00882352941176471 0.155882352941176 0.0117647058823529 0.00294117647058824 0.00294117647058824 0.00294117647058824 0.00294117647058824 0.00588235294117647 0 0 0 0 0 0 0
"Geospiza magnirostris" 0 0.0833333333333333 0 0 0 0.0833333333333333 0 0.0833333333333333 0 0 0 0 0 0 0 0 0 0.0833333333333333 0 0 0 0 0 0 0 0.0833333333333333 0 0 0 0 0 0
"Mimus melanotis" 0 0 0 0.178571428571429 0 0 0 0 0 0 0.142857142857143 0 0 0 0 0 0 0 0 0 0 0 0 0 0 0 0.428571428571429 0.214285714285714 0.0357142857142857 0.0714285714285714 0.0357142857142857 0
"Myiarchus magnirostris" 0.012987012987013 0.025974025974026 0 0.051948051948052 0 0 0 0 0 0 0 0 0 0 0 0 0 0 0 0 0 0 0 0 0 0 0 0.194805194805195 0 0.0909090909090909 0 0.025974025974026
