"Psidium guajava" "Nolana galapagensis" "Impatiens balsamina" "Alternanthera echinocephala" "Brassica sp." "Passiflora suberosa" "Cardiospermum galapageium" "Bursera graveolens" "Opuntia echios" "Mentzelia aspera" "Hippomane mancinella " "Senna occidentalis " "Syzygium jambos" "Opuntia ficus-indica" "Galactia striata"
"Camarhynchus pallidus" 0.333333333333333 0 0 0 0 0 0 0 0 0 0 0 0 0 0
"Camarhynchus parvulus" 0 0.032967032967033 0.021978021978022 0.021978021978022 0.010989010989011 0.021978021978022 0.010989010989011 0 0 0 0 0 0 0 0
"Coccyzus melacoryphus" 0.25 0 0 0 0 0 0 0 0 0 0 0 0 0 0
"Dendroica petechia" 0.0593220338983051 0.00847457627118644 0 0 0 0 0 0.00847457627118644 0 0 0 0 0 0 0
"Geospiza fortis" 0.0351758793969849 0.0251256281407035 0 0.0050251256281407 0 0.0100502512562814 0 0.0050251256281407 0.0150753768844221 0.0050251256281407 0 0 0 0 0
"Geospiza fuliginosa" 0.0926829268292683 0.0390243902439024 0 0 0.0048780487804878 0.0292682926829268 0 0 0.0048780487804878 0.00975609756097561 0.0048780487804878 0.0048780487804878 0.0048780487804878 0 0
"Geospiza magnirostris" 0.0526315789473684 0 0 0.0263157894736842 0 0.0263157894736842 0 0.0263157894736842 0 0 0 0 0 0 0
"Geospiza scandens" 0 0.0158730158730159 0 0 0 0 0 0 0.222222222222222 0 0 0 0 0.0317460317460317 0
"Mimus parvulus" 0 0 0 0 0 0 0 0 0.02 0 0 0 0 0 0
"Myiarchus magnirostris" 0.0714285714285714 0.0612244897959184 0 0 0 0 0 0.0510204081632653 0 0.0102040816326531 0 0 0 0 0
"Platyspiza crassirostris" 0 0 0 0 0 0 0 0 0 0 0 0 0 0 0.0192307692307692
