"Miconia robinsoniana" "noname" "Mentzelia aspera" "Erichloa pacifica" "Tournefortia psilostachya" "Drymaria cordata" "Fimbristylis dichotoma" "Cyperaceae cf. Eleocharis sp.1" "Polygonum galapagense" "Seed_01" "Seed_56" "Desmodium procumbens" "Poaceae" "Portulaca oleracea" "Eragrostis sp." "Paspalum conjugatum" "Oxalis sp.1" "Desmodium incanum" "Panicum sp." "Tradescantia fluminensis " "Opuntia echios" "Tournefortia pubescens" "Bursera graveolens" "Momordica charantia" "Cordia lutea" "Chiococca alba" "Zanthoxylum fagara" "scutia spicata" "Rubus niveus" "Scutia spicata" "Pilea baurii" "Vallesia glabra" "Capsicum frutescens"
"Camarhynchus pallidus" 0.333333333333333 0 0 0 0 0 0 0 0 0 0 0 0 0 0 0 0 0 0 0 0 0 0 0 0 0 0 0 0 0 0 0 0
"Camarhynchus parvulus" 0.043956043956044 0.010989010989011 0.043956043956044 0.010989010989011 0 0 0 0 0 0 0 0 0 0 0 0 0 0 0 0 0 0 0 0 0 0 0 0 0 0 0 0 0
"Certhidea olivacea" 0.19047619047619 0 0 0 0 0 0 0 0 0 0 0 0 0 0 0 0 0 0 0 0 0 0 0 0 0 0 0 0 0 0 0 0
"Dendroica petechia" 0.364406779661017 0.0254237288135593 0 0 0.101694915254237 0.00847457627118644 0.00847457627118644 0.00847457627118644 0.00847457627118644 0 0 0 0 0 0 0 0 0 0 0 0 0 0 0 0 0 0 0 0 0 0 0 0
"Geospiza fortis" 0.0100502512562814 0.0201005025125628 0 0.0100502512562814 0.0050251256281407 0 0 0.0050251256281407 0.0100502512562814 0.0100502512562814 0.0050251256281407 0.0050251256281407 0.0201005025125628 0 0 0 0 0 0 0 0 0 0 0 0 0 0 0 0 0 0 0 0
"Geospiza fuliginosa" 0.0487804878048781 0.0487804878048781 0.0390243902439024 0.0146341463414634 0 0 0 0.0780487804878049 0.0585365853658537 0.0048780487804878 0 0.0048780487804878 0.0146341463414634 0.0195121951219512 0.0390243902439024 0.0146341463414634 0.024390243902439 0.0048780487804878 0.0048780487804878 0.0048780487804878 0 0 0 0 0 0 0 0 0 0 0 0 0
"Geospiza magnirostris" 0 0.0789473684210526 0.0263157894736842 0 0 0 0 0 0.0263157894736842 0 0 0.0263157894736842 0 0 0.0263157894736842 0 0 0 0 0 0 0 0 0 0 0 0 0 0 0 0 0 0
"Geospiza scandens" 0 0.0158730158730159 0 0 0 0 0 0.0158730158730159 0 0 0 0 0 0 0 0 0 0 0 0 0.0158730158730159 0 0 0 0 0 0 0 0 0 0 0 0
"Mimus parvulus" 0 0 0 0 0.46 0 0 0 0 0 0 0 0 0 0 0 0 0 0 0 0 0.22 0.08 0.02 0.04 0.02 0.02 0.02 0 0 0 0 0
"Myiarchus magnirostris" 0.0510204081632653 0 0 0 0.112244897959184 0 0 0 0 0.0102040816326531 0 0 0.0102040816326531 0 0 0 0 0 0 0 0 0 0 0 0 0 0 0.0204081632653061 0.0408163265306122 0.0204081632653061 0.0102040816326531 0.0102040816326531 0
"Platyspiza crassirostris" 0.0769230769230769 0 0 0 0.0192307692307692 0 0 0 0 0.0192307692307692 0 0 0.0192307692307692 0 0.0192307692307692 0 0 0 0 0 0 0 0 0 0 0 0 0 0 0 0 0 0.0192307692307692
